1050

183
162
35
94
11
105
16
116
162
15
61
63
129
192
79
108
169
127
54
14
34
121
83
12
128
2
183
182
127
172
42
62
164
65
171
5
142
96
143
92
142
101
42
127
109
45
38
136
124
167
62
165
200
159
189
172
50
40
125
26
71
193
85
22
15
190
7
114
47
176
6
116
177
127
187
122
62
160
112
8
126
87
148
165
169
86
125
1
93
96
55
41
182
29
38
131
136
99
176
113
108
69
178
45
157
76
54
112
92
117
184
22
21
189
157
162
64
148
50
169
145
119
198
8
115
141
33
141
103
113
191
76
37
148
75
119
185
98
118
155
147
49
126
107
88
60
176
64
182
137
133
167
197
41
196
11
134
166
166
56
33
113
7
2
70
78
115
11
46
20
139
30
160
184
41
48
34
13
39
145
40
46
121
25
3
47
68
69
49
68
193
98
79
79
35
123
2
104
148
25
90
138
133
95
69
156
63
61
21
161
191
102
193
167
80
197
138
197
175
146
163
172
8
144
188
68
175
2
32
110
178
38
160
34
79
163
193
30
199
60
148
169
177
44
190
57
169
106
25
45
61
2
175
189
3
177
67
144
61
23
128
43
7
77
182
28
120
163
95
75
189
182
47
16
142
19
91
160
47
187
60
44
173
158
185
70
13
167
96
118
67
43
144
103
79
145
176
29
186
124
106
100
163
153
198
33
48
143
12
142
157
127
194
138
105
179
167
13
117
185
121
75
167
6
42
17
5
153
64
178
74
151
124
191
151
123
168
182
86
95
154
58
93
110
106
57
106
64
70
105
150
48
69
32
53
19
96
38
5
138
2
21
121
30
169
149
44
99
197
96
91
191
102
135
144
9
6
170
25
24
122
159
23
77
186
87
144
12
139
196
15
131
52
77
198
12
65
58
174
143
142
24
105
102
81
56
101
50
133
185
86
151
146
57
196
127
75
68
144
152
76
69
79
161
168
159
104
156
154
105
184
41
154
79
171
40
19
154
4
6
36
48
101
98
43
29
136
79
40
190
22
2
191
61
168
72
181
53
155
27
158
176
8
161
71
184
17
144
29
35
6
125
100
28
19
190
193
198
79
104
113
35
127
55
122
63
35
44
26
111
122
49
147
84
91
81
104
124
41
113
134
194
72
129
28
173
62
6
91
159
8
61
3
131
128
78
72
106
157
107
112
60
163
91
171
86
145
57
159
115
113
7
169
77
191
81
57
95
123
187
127
28
54
154
89
25
105
33
45
134
71
18
151
151
179
48
3
61
80
70
31
27
127
101
111
131
99
104
70
1
25
199
25
109
188
129
157
63
191
187
198
140
9
70
199
6
21
137
13
190
96
175
190
86
3
2
25
41
168
34
97
151
146
89
116
123
56
136
124
98
52
168
18
71
10
134
40
125
165
54
36
78
181
95
80
132
132
78
192
68
46
187
75
32
173
152
96
91
27
198
150
167
197
44
107
134
188
184
29
171
188
60
34
196
125
23
26
95
148
42
131
132
26
14
68
117
71
3
23
110
54
25
56
49
76
23
63
134
151
113
144
61
65
104
41
196
124
22
24
82
130
195
198
119
13
62
141
3
1
2
10
176
182
158
187
59
96
109
23
50
120
126
42
128
162
63
90
165
115
79
26
93
144
35
39
49
122
176
17
193
6
195
151
161
109
60
190
200
10
5
78
13
172
10
96
65
16
138
120
175
68
138
129
180
98
110
37
165
139
72
99
48
186
28
115
179
33
198
71
82
128
171
185
18
67
34
11
177
194
25
68
155
17
55
71
71
68
69
196
86
147
20
39
77
194
93
37
200
128
56
127
98
150
92
84
143
176
164
87
148
155
177
179
13
186
153
141
77
184
52
132
175
108
7
122
29
89
82
147
92
61
5
44
33
3
170
55
169
187
78
9
93
166
59
82
65
34
34
49
112
31
83
96
131
170
143
167
35
87
44
125
75
33
3
184
182
153
3
181
12
71
12
183
2
1
106
191
184
175
187
90
82
148
142
151
149
134
32
135
87
94
133
13
1
21
169
119
107
55
53
106
176
165
14
104
126
115
69
42
109
182
125
94
114
140
133
182
166
37
67
85
90
175
164
30
43
35
9
42
179
22
133
168
64
86
153
111
47
29
87
63
167
66
184
8
156
18
169
146
5
26
191
119
94
29
62
54
126
197
135
133
98
178
52
191
123
107
63
8
21
53
29
162
54
168
156
9
187
96
97
181
2
139
5
35
156
85
104
29
196
54
74
3
141
20
7
105
186
19
61
126
93
38
144
123
45
129
90
158
66
93
80
181
169
52
89
36
52
71
30
114
81
122
92
121
63
55
13
129
73
116
62
87
170
153
186
196
192
8
62
57
114
151
15
158
78
84
15
111
69

0 1
1 2
2 3
3 4
4 5
5 6
6 7
7 8
8 9
9 10
10 11
11 12
12 13
13 14
14 15
15 16
16 17
17 18
18 19
19 20
20 21
21 22
22 23
23 24
24 25
25 26
26 27
27 28
28 29
29 30
30 31
31 32
32 33
33 34
34 35
35 36
36 37
37 38
38 39
39 40
40 41
41 42
42 43
43 44
44 45
45 46
46 47
47 48
48 49
49 50
50 51
51 52
52 53
53 54
54 55
55 56
56 57
57 58
58 59
59 60
60 61
61 62
62 63
63 64
64 65
65 66
66 67
67 68
68 69
69 70
70 71
71 72
72 73
73 74
74 75
75 76
76 77
77 78
78 79
79 80
80 81
81 82
82 83
83 84
84 85
86 87
87 88
88 89
89 90
90 91
91 92
92 93
93 94
94 95
95 96
96 97
97 98
98 99
99 100
100 101
101 102
102 103
103 104
104 105
105 106
106 107
107 108
108 109
109 110
110 111
111 112
112 113
113 114
114 115
115 116
116 117
117 118
118 119
119 120
120 121
121 122
122 123
123 124
124 125
125 126
126 127
127 128
128 129
129 130
130 131
131 132
132 133
133 134
134 135
135 136
136 137
137 138
139 140
140 141
141 142
142 143
143 144
144 145
145 146
146 147
147 148
148 149
149 150
150 151
151 152
152 153
153 154
154 155
155 156
156 157
157 158
158 159
159 160
160 161
161 162
162 163
163 164
164 165
165 166
166 167
167 168
168 169
169 170
170 171
171 172
172 173
173 174
174 175
175 176
176 177
177 178
178 179
179 180
180 181
181 182
182 183
183 184
184 185
185 186
186 187
187 188
188 189
189 190
190 191
191 192
192 193
193 194
194 195
195 196
196 197
197 198
198 199
199 200
200 201
201 202
202 203
203 204
204 205
205 206
206 207
207 208
208 209
209 210
210 211
211 212
212 213
213 214
214 215
215 216
216 217
217 218
218 219
219 220
220 221
221 222
222 223
223 224
224 225
225 226
226 227
227 228
228 229
230 231
231 232
232 233
233 234
234 235
235 236
236 237
237 238
238 239
239 240
240 241
241 242
242 243
243 244
244 245
245 246
246 247
247 248
248 249
249 250
250 251
251 252
252 253
253 254
254 255
255 256
256 257
257 258
258 259
259 260
260 261
261 262
262 263
263 264
264 265
265 266
266 267
267 268
268 269
269 270
270 271
271 272
272 273
273 274
274 275
275 276
276 277
277 278
278 279
279 280
280 281
281 282
282 283
283 284
284 285
285 286
286 287
287 288
288 289
289 290
290 291
291 292
292 293
293 294
294 295
295 296
296 297
297 298
298 299
299 300
300 301
301 302
302 303
303 304
304 305
305 306
306 307
307 308
308 309
309 310
310 311
311 312
312 313
313 314
314 315
315 316
316 317
317 318
318 319
319 320
320 321
322 323
323 324
324 325
325 326
326 327
327 328
328 329
329 330
330 331
331 332
332 333
333 334
334 335
335 336
336 337
337 338
338 339
339 340
340 341
341 342
342 343
343 344
344 345
345 346
346 347
347 348
348 349
349 350
350 351
351 352
352 353
353 354
354 355
355 356
356 357
357 358
358 359
359 360
360 361
361 362
362 363
363 364
364 365
365 366
366 367
367 368
368 369
369 370
370 371
371 372
372 373
373 374
374 375
375 376
376 377
377 378
378 379
379 380
380 381
381 382
382 383
383 384
384 385
385 386
386 387
387 388
388 389
389 390
390 391
391 392
392 393
393 394
394 395
395 396
396 397
397 398
398 399
399 400
400 401
401 402
402 403
403 404
404 405
405 406
406 407
407 408
408 409
410 411
411 412
412 413
413 414
414 415
415 416
416 417
417 418
418 419
419 420
420 421
421 422
422 423
423 424
424 425
425 426
426 427
427 428
428 429
429 430
430 431
431 432
432 433
433 434
434 435
435 436
436 437
437 438
438 439
439 440
440 441
441 442
442 443
443 444
444 445
445 446
446 447
447 448
448 449
449 450
450 451
451 452
452 453
453 454
454 455
455 456
456 457
457 458
458 459
459 460
460 461
461 462
462 463
463 464
464 465
465 466
466 467
467 468
468 469
469 470
470 471
471 472
472 473
473 474
474 475
475 476
476 477
477 478
478 479
479 480
480 481
481 482
482 483
483 484
484 485
485 486
486 487
487 488
488 489
489 490
490 491
491 492
492 493
493 494
494 495
495 496
496 497
497 498
498 499
499 500
500 501
501 502
502 503
503 504
504 505
505 506
507 508
508 509
509 510
510 511
511 512
512 513
513 514
514 515
515 516
516 517
517 518
518 519
519 520
520 521
521 522
522 523
523 524
524 525
525 526
526 527
527 528
528 529
529 530
530 531
531 532
532 533
533 534
534 535
535 536
536 537
537 538
538 539
539 540
540 541
541 542
542 543
543 544
544 545
545 546
546 547
547 548
548 549
549 550
550 551
551 552
552 553
553 554
554 555
555 556
556 557
557 558
558 559
559 560
560 561
561 562
562 563
563 564
564 565
565 566
566 567
567 568
568 569
569 570
570 571
571 572
572 573
573 574
574 575
575 576
576 577
577 578
578 579
579 580
581 582
582 583
583 584
584 585
585 586
586 587
587 588
588 589
589 590
590 591
591 592
592 593
593 594
594 595
595 596
596 597
597 598
598 599
599 600
600 601
601 602
602 603
603 604
604 605
605 606
606 607
607 608
608 609
609 610
610 611
611 612
612 613
613 614
614 615
615 616
616 617
617 618
618 619
619 620
620 621
621 622
622 623
623 624
624 625
625 626
626 627
627 628
628 629
629 630
630 631
631 632
632 633
633 634
634 635
635 636
636 637
637 638
638 639
639 640
640 641
641 642
642 643
643 644
644 645
645 646
646 647
647 648
648 649
649 650
650 651
651 652
652 653
653 654
654 655
655 656
656 657
657 658
658 659
659 660
660 661
661 662
662 663
663 664
664 665
665 666
666 667
667 668
668 669
670 671
671 672
672 673
673 674
674 675
675 676
676 677
677 678
678 679
679 680
680 681
681 682
682 683
683 684
684 685
685 686
686 687
687 688
688 689
689 690
690 691
691 692
692 693
693 694
694 695
695 696
696 697
697 698
698 699
699 700
700 701
701 702
702 703
703 704
704 705
705 706
706 707
707 708
708 709
709 710
710 711
711 712
712 713
713 714
714 715
715 716
716 717
717 718
718 719
719 720
720 721
721 722
722 723
723 724
724 725
725 726
726 727
727 728
728 729
729 730
730 731
731 732
732 733
733 734
734 735
736 737
737 738
738 739
739 740
740 741
741 742
742 743
743 744
744 745
745 746
746 747
747 748
748 749
749 750
750 751
751 752
752 753
753 754
754 755
755 756
756 757
757 758
758 759
759 760
760 761
761 762
762 763
763 764
764 765
765 766
766 767
767 768
768 769
769 770
770 771
771 772
772 773
773 774
774 775
775 776
776 777
777 778
778 779
779 780
780 781
781 782
782 783
783 784
784 785
785 786
786 787
787 788
788 789
789 790
790 791
791 792
792 793
793 794
794 795
795 796
796 797
797 798
798 799
799 800
800 801
801 802
802 803
803 804
804 805
805 806
806 807
807 808
808 809
809 810
810 811
811 812
812 813
813 814
814 815
815 816
816 817
817 818
818 819
819 820
820 821
821 822
822 823
823 824
825 826
826 827
827 828
828 829
829 830
830 831
831 832
832 833
833 834
834 835
835 836
836 837
837 838
838 839
839 840
840 841
841 842
842 843
843 844
844 845
845 846
846 847
847 848
848 849
849 850
850 851
851 852
852 853
853 854
854 855
855 856
856 857
857 858
858 859
859 860
860 861
861 862
862 863
863 864
864 865
865 866
866 867
867 868
868 869
869 870
870 871
871 872
872 873
873 874
874 875
875 876
876 877
877 878
878 879
879 880
880 881
881 882
882 883
883 884
884 885
885 886
886 887
887 888
888 889
889 890
890 891
892 893
893 894
894 895
895 896
896 897
897 898
898 899
899 900
900 901
901 902
902 903
903 904
904 905
905 906
906 907
907 908
908 909
909 910
910 911
911 912
912 913
913 914
914 915
915 916
916 917
917 918
918 919
919 920
920 921
921 922
922 923
923 924
924 925
925 926
926 927
927 928
928 929
929 930
930 931
931 932
932 933
933 934
934 935
935 936
936 937
937 938
938 939
939 940
940 941
941 942
942 943
943 944
944 945
945 946
946 947
947 948
948 949
949 950
950 951
951 952
952 953
953 954
954 955
955 956
956 957
957 958
958 959
959 960
960 961
961 962
962 963
963 964
964 965
965 966
966 967
967 968
968 969
970 971
971 972
972 973
973 974
974 975
975 976
976 977
977 978
978 979
979 980
980 981
981 982
982 983
983 984
984 985
985 986
986 987
987 988
988 989
989 990
990 991
991 992
992 993
993 994
994 995
995 996
996 997
997 998
998 999
999 1000
1000 1001
1001 1002
1002 1003
1003 1004
1004 1005
1005 1006
1006 1007
1007 1008
1008 1009
1009 1010
1010 1011
1011 1012
1012 1013
1013 1014
1014 1015
1015 1016
1016 1017
1017 1018
1018 1019
1019 1020
1020 1021
1021 1022
1022 1023
1023 1024
1024 1025
1025 1026
1026 1027
1027 1028
1028 1029
1029 1030
1030 1031
1031 1032
1032 1033
1033 1034
1034 1035
1035 1036
1036 1037
1037 1038
1038 1039
1039 1040
1040 1041
1041 1042
1042 1043
1043 1044
1044 1045
1045 1046
1046 1047
1047 1048
1048 1049
