640

150
132
11
108
56
14
135
186
179
102
59
62
80
169
5
19
10
68
2
16
63
109
139
190
135
121
53
36
89
121
108
81
68
163
97
29
155
96
155
105
194
30
3
128
75
40
132
79
74
113
22
85
11
70
185
127
47
90
139
159
5
21
175
137
131
89
8
48
63
26
199
118
106
114
26
14
10
26
191
181
182
76
57
120
59
174
27
82
20
29
156
9
179
135
24
195
26
165
172
181
15
146
6
98
64
147
25
138
185
31
28
146
75
130
59
81
190
48
73
169
48
166
81
162
148
121
171
133
151
120
42
121
35
183
78
115
61
18
29
195
126
194
194
174
14
101
117
57
78
23
175
57
35
71
175
138
10
153
30
144
183
4
174
145
198
164
79
130
92
162
191
132
65
87
82
39
39
142
90
198
98
140
167
194
42
157
83
30
140
67
82
18
6
200
69
76
42
107
136
172
94
128
181
131
101
81
137
73
162
112
3
4
182
91
26
39
10
95
55
95
69
199
171
157
8
181
139
140
76
62
153
107
118
113
33
12
1
103
124
155
44
110
64
130
115
52
122
136
193
64
81
131
102
5
82
65
127
47
144
156
124
143
173
123
158
35
140
118
112
79
62
11
40
70
93
144
15
147
94
12
35
12
140
163
151
125
81
50
179
183
173
179
134
50
34
96
106
159
78
17
37
10
48
37
140
81
122
141
106
177
84
164
6
180
19
97
58
183
106
176
20
42
127
144
126
108
136
174
180
120
181
7
175
191
131
4
92
43
167
57
194
68
73
131
199
93
83
118
73
59
46
186
132
188
2
40
60
51
171
167
188
130
96
2
117
136
89
3
169
91
85
42
151
124
105
16
76
159
191
130
69
55
6
128
166
19
21
14
168
188
37
31
37
117
104
79
169
155
111
174
37
58
71
180
56
148
187
131
174
144
34
68
65
116
183
191
14
71
10
156
164
157
158
78
59
126
95
169
64
92
179
189
50
70
169
170
34
168
60
91
79
171
44
29
162
35
192
66
182
85
100
102
96
113
92
197
23
38
9
147
28
151
117
161
137
141
133
164
90
135
106
3
119
51
176
22
199
198
196
107
15
109
21
14
43
125
24
151
106
198
170
71
33
47
170
11
137
139
10
196
29
175
177
81
172
59
145
115
174
116
69
143
193
93
65
19
4
7
63
18
159
75
161
19
4
1
74
46
86
69
80
40
116
198
67
11
153
26
195
99
38
71
36
140
149
6
71
58
117
175
114
191
40
170
56
43
165
68
101
17
185
188
75
108
185
100
48
191
182
43
153
50
163
160
142
183
19
116
49
113
57
100
195
194
34
46
65
16
10
12
144
196
95
65
51
107
172
30
155
64
26
171
105
110
22
121
139
84
120
156
49
81
195
89
78
36
108
43
168
146
64
175
80
171
133
119
19
110
147
48
44
30
82
15
193
49
69
152
30
145

365 366
272 273
21 22
475 476
142 143
265 266
247 248
395 396
618 619
18 19
93 94
232 233
207 30
391 392
85 86
396 397
598 599
304 305
100 101
564 565
190 191
420 421
360 361
49 50
588 589
275 276
43 44
551 552
530 531
286 287
99 100
543 544
387 388
49 509
281 282
287 288
441 442
292 293
152 153
149 150
73 74
377 378
293 294
354 355
392 393
435 436
510 511
364 365
175 176
362 363
229 230
524 525
330 331
327 328
347 348
237 238
238 239
176 177
473 474
108 109
580 581
322 323
207 208
584 585
501 502
14 15
280 281
170 171
274 36
266 267
145 146
504 505
184 185
586 587
227 228
28 29
0 1
106 107
223 224
45 46
72 73
29 30
164 165
458 459
414 415
56 57
284 616
544 545
363 364
252 253
417 418
493 494
98 99
388 389
532 533
47 48
353 354
199 200
177 62
558 559
453 454
312 313
443 444
263 264
604 605
101 102
140 141
36 37
205 206
503 504
256 257
349 350
136 137
638 639
34 35
346 347
601 602
479 480
162 119
294 295
208 209
456 457
68 69
448 449
596 312
254 255
242 243
215 216
217 218
321 322
624 625
89 90
515 516
304 381
35 36
427 428
289 290
132 133
282 283
251 252
537 538
503 313
471 472
10 11
635 636
620 621
299 300
356 357
594 595
394 395
274 275
434 435
305 306
370 371
222 223
613 614
78 79
291 292
487 185
120 121
271 272
259 260
129 130
425 426
397 398
122 123
309 310
505 506
348 349
384 385
209 210
569 443
167 168
146 147
326 327
341 342
585 586
33 34
308 309
504 124
399 400
16 17
406 407
454 455
622 623
245 246
439 440
393 394
385 386
413 414
587 588
168 169
518 519
628 629
267 268
248 249
74 75
197 198
180 181
307 308
316 317
154 155
557 558
633 254
235 236
421 422
452 453
301 496
332 333
424 425
616 617
480 481
335 336
277 278
562 563
626 627
512 513
77 78
529 530
570 571
182 183
147 148
162 163
608 253
478 127
462 463
576 577
50 51
398 399
163 164
342 343
522 523
2 3
416 417
494 495
467 468
549 550
329 330
134 135
606 607
174 175
126 127
310 311
323 324
556 557
571 572
216 217
187 188
262 263
44 45
279 280
399 349
519 520
483 484
599 600
485 486
105 106
113 370
55 56
426 427
218 219
115 116
463 464
634 635
610 611
594 539
374 375
141 142
333 334
183 184
343 344
507 508
593 594
496 567
67 68
270 271
165 166
200 201
225 226
487 488
188 189
161 162
509 510
79 80
137 138
455 456
380 381
403 404
131 132
41 42
465 466
570 444
596 597
11 12
438 439
181 182
8 9
23 24
516 517
226 227
340 341
617 618
278 279
27 28
151 152
13 14
239 240
464 465
206 207
553 554
249 250
186 187
65 66
273 274
461 462
296 297
114 115
195 196
415 416
491 492
605 606
150 151
42 43
313 314
204 205
371 372
423 424
418 419
490 491
90 91
352 353
381 382
171 172
422 423
3 4
368 369
375 376
579 580
213 214
540 541
133 134
264 265
547 548
574 575
497 498
412 413
58 59
157 158
548 549
386 387
538 539
527 528
91 92
590 591
440 441
492 493
148 149
559 560
526 527
246 247
453 265
550 551
297 298
514 515
233 234
48 49
460 461
37 38
128 129
311 312
285 286
143 144
5 6
324 325
572 573
6 7
390 391
22 23
615 616
86 87
331 332
231 232
250 251
513 514
552 553
320 321
520 521
203 204
62 63
595 596
172 173
288 289
104 105
109 110
367 368
244 245
198 199
66 67
484 485
119 120
57 58
40 41
567 568
545 546
338 339
437 438
382 383
625 626
9 10
602 603
54 55
95 96
457 458
135 136
407 408
389 390
1 2
69 70
631 632
459 460
113 114
535 536
496 497
155 156
234 235
432 433
430 431
337 338
560 561
632 633
19 20
603 604
25 26
82 83
636 637
7 8
306 307
253 254
561 562
46 47
84 85
117 118
39 40
71 72
350 351
102 103
196 197
444 445
436 437
629 630
314 315
499 500
410 411
506 507
609 610
431 432
166 167
378 379
339 340
81 82
489 490
336 113
193 194
573 574
76 77
123 124
474 475
52 53
212 213
144 145
614 615
536 537
258 259
508 509
75 76
268 269
64 65
220 221
83 84
325 326
472 473
592 593
555 556
357 358
627 628
87 88
359 360
451 452
633 634
429 430
334 335
318 319
554 555
612 613
185 186
194 195
469 470
528 529
523 524
446 639
351 352
468 469
466 467
344 345
361 362
261 262
228 229
179 180
525 526
203 101
578 579
97 98
606 377
400 401
589 590
366 183
404 405
336 337
630 631
202 203
500 501
409 410
121 122
160 161
531 532
139 140
241 242
446 447
192 193
303 304
243 244
328 329
345 346
210 211
424 242
607 608
61 62
88 89
376 377
80 81
284 285
517 518
476 477
481 482
419 420
12 13
541 186
201 202
478 479
31 32
130 131
153 154
450 451
379 380
236 237
395 61
569 570
219 220
411 412
295 296
32 33
568 569
577 578
442 443
563 564
533 534
124 125
300 301
637 638
366 367
276 277
494 637
621 622
583 584
264 329
502 503
315 316
290 291
369 370
582 583
173 174
405 406
70 71
445 446
597 598
24 25
78 41
539 540
177 178
107 108
59 60
112 113
468 309
317 318
486 487
488 489
17 18
373 374
214 215
158 159
111 112
566 567
408 409
116 117
224 225
565 566
581 582
15 16
470 471
169 170
428 429
608 609
449 450
269 270
211 212
240 241
607 558
298 299
542 543
125 126
53 54
94 95
189 190
372 373
96 97
541 542
600 601
521 522
221 222
30 31
534 535
38 39
4 5
20 21
159 160
257 258
619 620
60 61
477 478
355 356
92 93
260 261
402 403
546 547
358 359
591 592
110 111
587 224
26 27
433 434
498 499
103 104
495 496
301 302
623 624
178 179
302 303
401 402
611 612
283 284
73 317
138 139
51 52
118 119
230 231
482 483
156 157
